79.1892 -135.3844 300234065495020 2022.0 365.0
82.9798 -63.568 300234065498190 2022.0 365.0
76.23145 -140.8975 300234067527540 2022.0 365.0003
80.2639 -176.476 900120 2022.0 365.0005
80.2649 -176.4814 900120 2022.0 365.021
80.38 -143.463 900121 2022.0 365.0007
80.3804 -143.4673 900121 2022.0 365.0216
-68.3302 -52.5583 FIXEDEND68S52W 2022.0 365.0
-69.0031 -52.5583 FIXEDEND69S52W 2022.0 365.0
-68.6667 -53.6416 FIXEDEND68S53W 2022.0 365.0
-68.6667 -51.475 FIXEDEND68S51W 2022.0 365.0
-68.6667 -52.5583 FIXEDENDCENTER 2022.0 365.0
80.308 18.069 300234068487020 2022.0 365.0
74.3542 -13.1206 300234068764770 2022.0 365.0
74.3542 -13.1206 300234068764770 2022.0 365.0
74.3542 -13.1206 300234068764770 2022.0 365.0
83.271 7.172 300534060617370 2022.0 365.0
88.064 -153.339 300534060710530 2022.0 365.0
80.8034 -127.1738 900126 2022.0 365.0005
80.8035 -127.1752 900126 2022.0 365.0212
86.489 -63.1008 900128 2022.0 365.0002
86.4861 -63.0738 900128 2022.0 365.0217
81.5 10.0 FIXEDATW81p5N10E 2022.0 365.0
81.5 15.0 FIXEDATW81p5N15E 2022.0 365.0
82.8972 -6.2553 FIXEDATW82p9N6p3W 2022.0 365.0
